u2 ’ INDEXb

10111011, 11311. .Ὶο ΡΙ. 2,53. 1110113600. 0031100(11100)3300. 4080.

1110081454.οΰ11310011103500. 11101180. 4000. 80. (101) 423 b.

111 00001). 450. 410 b. 030(8101110313000.

1101100410, 011110. 1111135004000. 1103080. 4230.

001 (mons), 000003 001 80. 0001010111. 100300. 1011030 1003.
42011.. 1100010 422 “ 0003601. 11010 80 42011. .

1011180.4230.110100110113500. ι031100(1118110111014000.

110003 00180. 4201. 1000180. 0103000 (1111111611) Melit. 2, 7³¹1 ..111 1 sci ι... m.
4230. 3. 4. (hbe enim 00. 011110- 000 001011’·1111(100111·1Ρ1 2, 57.

110111 34011. 0001001101111111.300111 80000 04068,

impul. 3400. 01443. cf. 4000. 4030 4070. 110010 04.080

030 80. 420 ι. 10111(Η11111014016.-.11101911, ·

1011161100 Pl. 1, 4. 6. 0111101. 2, 66. 13031004011111011011.2,2,

01 1³1. 1, 6. 1111101330.. ...118403

111000034οι. 300011 ΡΙ, 2, 54 1130 0.4080

0.·10 0 0101030 364 ι. 10030011 400 6. 00111 360..

11110180. 4300. 1100114060. 1100 03010. 0111000 80. 4200.

10 340.. ‚ion 130 b 03 3.,101.

03116111.00100311’1.1,1. pon ibid. 0100 4066.

. 03001 80. 4206. vn 360 a. 1100 3606.

8811811108810081π100111. 001111)810111011,110100,1111410 80010111.
, 001 80. 4266.11111110110111111011000011131,01 000 3000. ’
11100180. ibid. 1110000310 3606. 6101’ 11 603000 3606.
0030111180. ibid. ¹ 3860. 1031 ’113860 bn'ri 011080. 4230. cf. 1001103.
100300 416 ι. 3046. ,10001 0601. 000100 3606.
01ηο0001111.’3606. 0010113001. 101001 ’113660 110030 ibid.
η,111,1011033111011(11311.202 11110111οΛ8001113850. 3110010111, '
0311 300 0. 1111111 386 0. 1131011111 01010101.
1335 1010311 3060. 11046. 11001111 36611. umidos„
0113400. 211. 1.q 11110111313,01110, 3010011ΡΙ 1,1’1.
1331114001. 80. 4100. inde 1111 ’0180 4230. ’11 31110, unde 10311 111οἰ1010 ΡΙ. ·
0110111 3040. 1111180. 4200. · 1, 0, cf. 111311, 1113113111.
11113400. 1113600. 3111101. 3600. comp. 1100
11010 0. 11311 10010. 11111 111113. 3011 ibid. 113010 401 6. 1.·13 64, pro 113 ib. 01. 63.
1031113436.100101113066.10003606.ι
0011036611. 10003666. . 0013 3061.
1111111 4070. 010011 pl. 305 0. 0033 cabirus 404 0.
01011, 00100111 6406 1110011010 pl. ibid. 333 360 6.
011 3406. 0011 3601 0010 11010 4066 003 (0 33) 3606 1101103316.
031011 408 0. 311011 350 a. 113 3010.
00104066.81111Ρ1.,12..01001111111113866,11301101.1,6.
3310,1111401033311033310, nniioai2put.1211‚9,w21‚2,
ἕο3311,0008103111001110311 ’11312 3310111030, 001110 413, 103 ΡΙ. 1, 3.
v. 340 a. 4080. 111 nomm 80081. 01030103 333 3606.
3610 360 a. 406 b. 4266. 0100000033 4260. 6316111.
10011011.1,6.110000031616. pb 0033 3083 ib: 401 b.
'ibn 340 6 0003 426 6. 0101336001. nb: 360 b.
,1001140111 1101033 11460. 0103 366 b. 406 b.
1101011 3000. 3110 bonus, 131111 3111 80. 1003 350 b. .
0301011 3400. - 4280 13003110 4000. 01003 33811.
016310 111111101040114016.11003300 42011. 1013 360 6. 00003 340 1161.
11101311 4080. b. 1010 (confodit) 3500. 405 a. b.
-13103406,110-112. ,0300113380 4261. 003 3606.
qun 80. 42311. 303 1011111.1,6. 0333 81466.

 

